# Generated using ESO SkyCalc, assuming airmass = 1 and target 90 degrees above horizon, all other values default
# Photometric zero points are listed here: https://www.eso.org/observing/etc/doc/skycalc/helpskycalc.html#mags
# 
lambda_nm	flux
300	8.04808
300.5	8.78036
301	11.6553
301.5	15.604
302	17.7431
302.5	21.9866
303	31.1721
303.5	40.4193
304	42.8496
304.5	48.8963
305	59.7802
305.5	68.3486
306	70.0913
306.5	71.6612
307	86.7056
307.5	106.375
308	109.665
308.5	119.314
309	113.727
309.5	119.914
310	139.902
310.5	157.548
311	180.624
311.5	194.007
312	212.762
312.5	217.487
313	229.993
313.5	227.948
314	241.28
314.5	279.083
315	280.096
315.5	253.125
316	262.643
316.5	281.646
317	310.403
317.5	336.255
318	328.149
318.5	331.782
319	350.955
319.5	339.298
320	353.465
320.5	403.261
321	432.531
321.5	430.355
322	369.769
322.5	378.772
323	370.642
323.5	393.757
324	420.811
324.5	435.148
325	431.807
325.5	476.318
326	536.011
326.5	586.901
327	574.812
327.5	570.486
328	525.926
328.5	539.161
329	597.397
329.5	646.385
330	654.349
330.5	622.507
331	591.771
331.5	581.962
332	587.993
332.5	595.342
333	588.723
333.5	569.194
334	560.466
334.5	583.086
335	587.756
335.5	587.272
336	559.176
336.5	518.599
337	551.158
337.5	572.701
338	584.571
338.5	589.468
339	587.029
339.5	596.31
340	605.331
340.5	615.339
341	605.147
341.5	585.95
342	604.815
342.5	622.425
343	615.581
343.5	613.235
344	559.32
344.5	521.178
345	553.671
345.5	618.766
346	617
346.5	590.006
347	580.837
347.5	573.337
348	623.268
348.5	632.637
349	618.498
349.5	585.129
350	608.627
350.5	652.942
351	637.237
351.5	616.153
352	598.996
352.5	571.868
353	592.103
353.5	621.942
354	644.429
354.5	693.873
355	682.122
355.5	672.786
356	648.139
356.5	607.418
357	559.892
357.5	516.491
358	494.71
358.5	470.367
359	524.575
359.5	602.521
360	614.616
360.5	610.309
361	592.689
361.5	587.472
362	635.179
362.5	645.98
363	655.261
363.5	675.357
364	668.646
364.5	672.771
365	690.378
365.5	724.657
366	751.698
366.5	777.514
367	776.085
367.5	764.894
368	742.162
368.5	722.806
369	747.301
369.5	783.486
370	806.675
370.5	775.287
371	774.744
371.5	769.611
372	747.67
372.5	715.037
373	682.196
373.5	670.648
374	685.617
374.5	647.913
375	681.471
375.5	715.293
376	730.576
376.5	737.915
377	776.74
377.5	856.053
378	867.634
378.5	884.899
379	819.721
379.5	757.328
380	765.464
380.5	796.338
381	777.982
381.5	773.126
382	702.395
382.5	611.32
383	589.391
383.5	556.783
384	602.406
384.5	681.191
385	708.674
385.5	705.765
386	699.717
386.5	704.549
387	699.374
387.5	703.171
388	696.971
388.5	695.888
389	753.988
389.5	797.127
390	828.899
390.5	875.491
391	938.105
391.5	949.58
392	865.588
392.5	769.276
393	639.142
393.5	492.762
394	578.521
394.5	745.881
395	825.694
395.5	933.763
396	818.356
396.5	669.624
397	654.925
397.5	689.863
398	859.306
398.5	1037.33
399	1114.95
399.5	1159.97
400	1178.49
400.5	1175.78
401	1236.22
401.5	1252.99
402	1252.62
402.5	1250.46
403	1232.45
403.5	1204.07
404	1194.01
404.5	1210.92
405	1239.2
405.5	1202.58
406	1187.22
406.5	1182.03
407	1159.57
407.5	1161.81
408	1211.6
408.5	1238.24
409	1229.03
409.5	1225.08
410	1164.26
410.5	1064.6
411	1132.28
411.5	1215.53
412	1229.81
412.5	1218.17
413	1193.38
413.5	1164.6
414	1140.95
414.5	1114.98
415	1106.98
415.5	1118.67
416	1168.58
416.5	1210.29
417	1174.62
417.5	1118.43
418	1096.65
418.5	1101.6
419	1100.96
419.5	1097.96
420	1113.94
420.5	1125.04
421	1149.38
421.5	1155.21
422	1103.58
422.5	1051.26
423	1055.78
423.5	1101.55
424	1115.18
424.5	1132.11
425	1149.7
425.5	1109.21
426	1095.8
426.5	1097.02
427	1069.28
427.5	1035.78
428	1031.88
428.5	1042.66
429	1012.44
429.5	982.246
430	905.164
430.5	804.07
431	898.339
431.5	1077.86
432	1102.18
432.5	1085.36
433	1091
433.5	1116.14
434	1118.2
434.5	1091.95
435	1099.86
435.5	1115.8
436	1165.7
436.5	1226.33
437	1223
437.5	1179
438	1117.92
438.5	1055.61
439	1092.21
439.5	1165.1
440	1161.61
440.5	1160.66
441	1200.71
441.5	1275.91
442	1266.2
442.5	1276.75
443	1255.98
443.5	1243.08
444	1242.95
444.5	1267.42
445	1237.1
445.5	1189.73
446	1195.15
446.5	1215.56
447	1258.42
447.5	1312.21
448	1297.03
448.5	1270.62
449	1269.15
449.5	1283.73
450	1311.43
450.5	1344.44
451	1349.65
451.5	1334.75
452	1296.34
452.5	1247.93
453	1249.97
453.5	1257.38
454	1270.21
454.5	1270.11
455	1266.11
455.5	1300.22
456	1293.62
456.5	1308.72
457	1315.96
457.5	1318.05
458	1307.38
458.5	1279.94
459	1263.45
459.5	1262.38
460	1270.8
460.5	1278.81
461	1283.35
461.5	1286.7
462	1297.3
462.5	1310.35
463	1299.95
463.5	1281.34
464	1262.95
464.5	1244.38
465	1252.88
465.5	1270.58
466	1260.76
466.5	1226.94
467	1244.94
467.5	1292.2
468	1270.04
468.5	1272.7
469	1259.92
469.5	1260.62
470	1238.43
470.5	1208.77
471	1236.58
471.5	1274.18
472	1296.55
472.5	1300.26
473	1293.56
473.5	1281.33
474	1292.13
474.5	1310.98
475	1309.39
475.5	1298.23
476	1281.58
476.5	1263.31
477	1283.35
477.5	1317.1
478	1312.13
478.5	1294.04
479	1303.85
479.5	1323.7
480	1320.58
480.5	1309.27
481	1317.89
481.5	1340.78
482	1337.71
482.5	1324.18
483	1313.74
483.5	1297.98
484	1287.37
484.5	1283.16
485	1249.51
485.5	1200.96
486	1147.66
486.5	1098.57
487	1114.57
487.5	1173.12
488	1206.32
488.5	1238.76
489	1245.35
489.5	1257.61
490	1270.25
490.5	1294.83
491	1266.8
491.5	1231.24
492	1227.91
492.5	1221.22
493	1219.07
493.5	1225.5
494	1271.67
494.5	1296.76
495	1286.83
495.5	1260.3
496	1251.61
496.5	1279.13
497	1288.45
497.5	1284.57
498	1253.2
498.5	1205.8
499	1213.55
499.5	1247.75
500	1225.36
500.5	1195.68
501	1174.75
501.5	1161.72
502	1174
502.5	1196.36
503	1210.09
503.5	1219.4
504	1208.74
504.5	1190.53
505	1212.07
505.5	1246.52
506	1248
506.5	1240.89
507	1226.46
507.5	1212.01
508	1212.11
508.5	1214.61
509	1217.79
509.5	1214.19
510	1220.62
510.5	1229.73
511	1242.63
511.5	1256.8
512	1235.1
512.5	1199.02
513	1187.96
513.5	1186.55
514	1188.85
514.5	1192.69
515	1198.92
515.5	1206.38
516	1162.28
516.5	1098.15
517	1091.79
517.5	1107.85
518	1097.99
518.5	1078.26
519	1157.42
519.5	1155.52
520	1501.72
520.5	1212.43
521	1200.54
521.5	1206.89
522	1208.43
522.5	1214.21
523	1180.66
523.5	1216.75
524	1276.53
524.5	1234.66
525	1251.41
525.5	1231.23
526	1253.39
526.5	1113.54
527	1111.26
527.5	1168.48
528	1204.75
528.5	1197.17
529	1206.53
529.5	1219.5
530	1251.09
530.5	1228.51
531	1242.12
531.5	1265.15
532	1204.19
532.5	1158.7
533	1207.93
533.5	1202.56
534	1202.86
534.5	1188.89
535	1214.21
535.5	1248.56
536	1230.15
536.5	1198.11
537	1190.84
537.5	1193.93
538	1199.1
538.5	1204.93
539	1193
539.5	1173.48
540	1155.67
540.5	1138.53
541	1154.29
541.5	1184.13
542	1182.33
542.5	1166.9
543	1172.19
543.5	1186.86
544	1191.42
544.5	1194.71
545	1202.19
545.5	1211.52
546	1212.4
546.5	1209.8
547	1202.63
547.5	1193.43
548	1198.67
548.5	1210.12
549	1221.96
549.5	1228.62
550	1221.53
550.5	1212.59
551	1206.22
551.5	1206.08
552	1199.51
552.5	1190.22
553	1192.23
553.5	1199.04
554	1203.74
554.5	1305.33
555	1223.4
555.5	1212.51
556	1199.61
556.5	1268.34
557	1205.78
557.5	1187.76
558	16596
558.5	1187.66
559	1240.02
559.5	1171.5
560	1211.98
560.5	1292.26
561	1190.62
561.5	1186.43
562	1215.51
562.5	1294.2
563	1202.64
563.5	1206.31
564	1226.9
564.5	1251.85
565	1195.66
565.5	1181.52
566	1183.08
566.5	1214.23
567	1225.11
567.5	1221.25
568	1212.9
568.5	1193.2
569	1195.3
569.5	1209.48
570	1210.19
570.5	1174.21
571	1176.62
571.5	1191.07
572	1208.4
572.5	1226.74
573	1230.29
573.5	1226.7
574	1224.36
574.5	1222.81
575	1216.51
575.5	1206.74
576	1206.47
576.5	1210.92
577	1214.69
577.5	1218.04
578	1206.4
578.5	1188.09
579	1191.27
579.5	1204.77
580	1212.5
580.5	1217.29
581	1222.81
581.5	1228.65
582	1235.23
582.5	1242.01
583	1242.16
583.5	1239.03
584	1239.38
584.5	1241.14
585	1228.2
585.5	1208.41
586	1211.03
586.5	1322.34
587	1533.14
587.5	1293.88
588	1218.04
588.5	1188
589	3668.11
589.5	1224.07
590	2439.01
590.5	1223.64
591	1280.19
591.5	1452.3
592	1195.69
592.5	1317.89
593	1212.13
593.5	1526.95
594	1202.18
594.5	1181.03
595	1282.27
595.5	1560.65
596	1196.03
596.5	1208.25
597	1271.9
597.5	1195.89
598	1342.26
598.5	1183.89
599	1183.59
599.5	1188.5
600	1229.82
600.5	1261.76
601	1175.49
601.5	1176.89
602	1172.08
602.5	1163.93
603	1205.99
603.5	1231.84
604	1197.07
604.5	1194.73
605	1191.94
605.5	1189.24
606	1187.96
606.5	1187.71
607	1210.88
607.5	1188.06
608	1186.03
608.5	1182.28
609	1181.33
609.5	1181.82
610	1192.08
610.5	1179.8
611	1168.41
611.5	1180.09
612	1176.93
612.5	1166.13
613	1158.66
613.5	1152.69
614	1252.82
614.5	1245.33
615	1166.96
615.5	1191.33
616	1176.46
616.5	1120.51
617	1312.65
617.5	1154.34
618	1227.76
618.5	1202.61
619	1168.81
619.5	1212.7
620	1166.83
620.5	1331.86
621	1167.85
621.5	1213.67
622	1155.14
622.5	1343.12
623	1153.79
623.5	1476
624	1660.4
624.5	1390.04
625	1173.94
625.5	1117.8
626	1772
626.5	1417.12
627	1204.19
627.5	1148.27
628	1139.34
628.5	1122.59
629	1634.55
629.5	1117.71
630	11583.7
630.5	1168.08
631	1810.54
631.5	1111.82
632	1113.44
632.5	1312.17
633	1869.37
633.5	1122.85
634	1123.91
634.5	1136.29
635	1260.53
635.5	1126.45
636	1474.03
636.5	4598.69
637	1126.46
637.5	1126.43
638	1217.46
638.5	1125.96
639	1301.26
639.5	1122.45
640	1117.61
640.5	1112.57
641	1107.52
641.5	1181.74
642	1195.52
642.5	1108.43
643	1115.19
643.5	1110.94
644	1111.99
644.5	1113.04
645	1113.92
645.5	1136.98
646	1154.24
646.5	1299.79
647	1469.53
647.5	1373.97
648	1178.68
648.5	1076.08
649	1074.93
649.5	1083.38
650	1962.01
650.5	1395.96
651	1100.28
651.5	1167.64
652	1088.45
652.5	1269.92
653	1102.09
653.5	1740.55
654	1094.87
654.5	1329.05
655	1082.41
655.5	1779.24
656	1039.42
656.5	1145.51
657	1193.28
657.5	996.052
658	1708.2
658.5	1087.93
659	1069.09
659.5	1081.12
660	1209.26
660.5	1377.03
661	1091.38
661.5	1091.36
662	1093.73
662.5	1087.5
663	1154.17
663.5	1210.39
664	1086.48
664.5	1087.44
665	1088.39
665.5	1094.05
666	1081.67
666.5	1135.81
667	1124.63
667.5	1072.4
668	1073.15
668.5	1073.88
669	1074.74
669.5	1071.83
670	1098.77
670.5	1094.4
671	1063.07
671.5	1067.01
672	1062.12
672.5	1073.09
673	1061.93
673.5	1053.73
674	1083.76
674.5	1083.42
675	1052.64
675.5	1045.79
676	1045.19
676.5	1044.59
677	1046.43
677.5	1042.78
678	1041.14
678.5	1057.9
679	1064.33
679.5	1036.37
680	1035.2
680.5	1040.86
681	1032.88
681.5	1031.02
682	1039.14
682.5	1026.88
683	2341.73
683.5	2069.61
684	1105.11
684.5	1257.53
685	1028.4
685.5	1040.02
686	1011.58
686.5	3076.79
687	766.716
687.5	881.128
688	877.615
688.5	1218.23
689	1247.7
689.5	958.74
690	872.344
690.5	1072.14
691	942.736
691.5	1497.08
692	958.937
692.5	2026.17
693	997.891
693.5	970.607
694	1457.86
694.5	1000.17
695	2237.04
695.5	1035.43
696	1017.95
696.5	1005.37
697	1372
697.5	994.924
698	1733.14
698.5	998.484
699	997.19
699.5	984.248
700	1019.53
700.5	1184.71
701	956.866
701.5	1299.28
702	946.762
702.5	951.607
703	963.899
703.5	965.306
704	954.53
704.5	1117.66
705	1280.13
705.5	1071.35
706	1000.13
706.5	1043.59
707	1070.95
707.5	1059.98
708	1011.85
708.5	1081.84
709	1140.52
709.5	995.148
710	978.78
710.5	984.065
711	981.71
711.5	978.43
712	974.957
712.5	971.639
713	1057.95
713.5	1057.32
714	958.49
714.5	1111.27
715	1059.51
715.5	972.218
716	1006.19
716.5	1028.24
717	995.44
717.5	936.082
718	976.567
718.5	951.93
719	881.021
719.5	853.99
720	902.303
720.5	891.564
721	913.587
721.5	939.35
722	931.085
722.5	999.08
723	1003.4
723.5	967.52
724	3434.91
724.5	4104.25
725	1409.22
725.5	1518.83
726	1115.97
726.5	960.66
727	1108.11
727.5	1511.51
728	4786.33
728.5	2765.06
729	1069.03
729.5	1013.35
730	1437.3
730.5	1883.43
731	1009.7
731.5	1091.49
732	4438.32
732.5	944.679
733	2373.65
733.5	1003.12
734	951.986
734.5	5259.69
735	1006.69
735.5	1096.85
736	2337.27
736.5	1020.6
737	4527.92
737.5	1059.3
738	984.152
738.5	982.07
739	1013.1
739.5	1934.57
740	945.643
740.5	2948.83
741	932.964
741.5	1047.1
742	1004.21
742.5	1006.99
743	2270.26
743.5	949.845
744	2064.27
744.5	969.069
745	956.74
745.5	963.345
746	990.346
746.5	1224.17
747	1327.81
747.5	2175.39
748	1787.48
748.5	1797.76
749	1010.21
749.5	1254.63
750	980.898
750.5	958.528
751	946.768
751.5	946.995
752	1188.12
752.5	3839.1
753	1011.21
753.5	1958.38
754	1101.01
754.5	1050.5
755	982.691
755.5	1002.95
756	1538.41
756.5	985.579
757	1112.01
757.5	2990.74
758	948.587
758.5	948.16
759	1612.07
759.5	752.21
760	675.652
760.5	206.016
761	213.329
761.5	419.226
762	1325.07
762.5	616.475
763	974.712
763.5	483.693
764	537.192
764.5	604.708
765	650.562
765.5	955.559
766	799.639
766.5	1467.68
767	858.732
767.5	881.554
768	874.682
768.5	1125.49
769	1172.27
769.5	1308.22
770	1413.86
770.5	1004.77
771	962.753
771.5	5624.54
772	5627.15
772.5	1629.4
773	1947.03
773.5	1273.57
774	1210.37
774.5	1119.55
775	1787.26
775.5	6740.44
776	3959.24
776.5	1021.82
777	1109.96
777.5	2054.93
778	1072.03
778.5	2616.53
779	1179.95
779.5	6322.18
780	1071.45
780.5	1046.6
781	3082.54
781.5	1179.54
782	1229.78
782.5	7477.44
783	1170.12
783.5	1100.02
784	1039.21
784.5	2873.57
785	1671.19
785.5	7808.2
786	1639.09
786.5	3177.67
787	1949.4
787.5	3594.39
788	2495.9
788.5	2204.6
789	2650.14
789.5	1303.97
790	1145.37
790.5	1105.21
791	1159.84
791.5	9445.01
792	1343.81
792.5	4400.11
793	1163.6
793.5	3525.31
794	1066.29
794.5	1190.55
795	3012.3
795.5	1082.93
796	1006.36
796.5	7198.21
797	1579
797.5	1077.82
798	3984.74
798.5	1016.33
799	1190.78
799.5	7709.81
800	1222.3
800.5	1120.43
801	1053.95
801.5	2734.17
802	1255.73
802.5	1316.62
803	6461.33
803.5	1227.42
804	1051.05
804.5	1090.1
805	1205.05
805.5	2135.11
806	1078.83
806.5	3300.57
807	1090.59
807.5	1110.11
808	1172.86
808.5	1144.81
809	1145.65
809.5	1566.58
810	1040.64
810.5	2115.37
811	1093.79
811.5	1049.74
812	1054.62
812.5	1060.81
813	1086.43
813.5	1078.73
814	1403.6
814.5	999.966
815	1403.16
815.5	1001.09
816	1019.84
816.5	894.65
817	959.474
817.5	1045.91
818	919.322
818.5	1005.78
819	1117.24
819.5	1110.64
820	1061.93
820.5	1052.07
821	1153.63
821.5	1068.07
822	1068.54
822.5	1019.54
823	848.415
823.5	946.112
824	1044.75
824.5	1144.44
825	1235.55
825.5	1137.08
826	1009.75
826.5	1064.81
827	1106.88
827.5	1022.31
828	2725.43
828.5	4735.66
829	6673.72
829.5	1326.14
830	8325.67
830.5	1398.31
831	1123.49
831.5	3046.71
832	1314.45
832.5	1044.18
833	1076.35
833.5	1083.28
834	1284.73
834.5	16848.3
835	1543.59
835.5	5876.21
836	1137.75
836.5	3252.38
837	1291.94
837.5	1140.82
838	1402.76
838.5	4732.54
839	1236.04
839.5	1245.96
840	12893.5
840.5	1197.59
841	1136.11
841.5	1151.19
842	5333.85
842.5	1307.85
843	12601.9
843.5	1581.28
844	1168.38
844.5	1157.74
845	1279.82
845.5	5017
846	1181.93
846.5	1274.19
847	10928
847.5	1416.62
848	1162.74
848.5	1161.18
849	1155.19
849.5	3955.89
850	1298.12
850.5	6294.25
851	1176.12
851.5	1174.41
852	1175.29
852.5	1314.59
853	1175.95
853.5	1170.35
854	5259
854.5	1236.69
855	3013.8
855.5	1148.99
856	1169.07
856.5	1188.37
857	1207.25
857.5	1514.93
858	1338.13
858.5	1217.27
859	1698.76
859.5	1216.84
860	1949.32
860.5	1261.76
861	1314.56
861.5	1542.24
862	2379.32
862.5	3238.24
863	4005.64
863.5	3351.04
864	3648.22
864.5	1642.83
865	3227.08
865.5	4111.2
866	4319.09
866.5	4358.2
867	4042.87
867.5	3443.07
868	2184.42
868.5	2512.54
869	2006.67
869.5	1680.86
870	1454.98
870.5	1589.54
871	1720.26
871.5	1271.1
872	1262.88
872.5	1224.29
873	1342.2
873.5	1227.4
874	1351.52
874.5	1382.48
875	1255.79
875.5	1343.4
876	3684.26
876.5	10392.6
877	13163.4
877.5	1492.92
878	14708.7
878.5	1229.66
879	1231.55
879.5	5396.58
880	1234.13
880.5	1273.9
881	1492.11
881.5	1604.36
882	1233.58
882.5	1233.88
883	27485.2
883.5	3462.76
884	10814.7
884.5	1243.7
885	3847.81
885.5	1988.55
886	1242.71
886.5	1806.14
887	8051.42
887.5	1250.52
888	1235.35
888.5	1282.65
889	20440.3
889.5	1260.95
890	1603.97
890.5	9196.62
891	1678.29
891.5	1305.26
892	21656.9
892.5	1527.82
893	1770.73
893.5	1342.17
894	1457.54
894.5	8025.93
895	1221.13
895.5	1144.21
896	17953.2
896.5	1219.8
897	1200.51
897.5	1443.66
898	1436.89
898.5	1507
899	5550.32
899.5	1484.4
900	1226.02
900.5	10037.5
901	1124.98
901.5	1150.53
902	1078.34
902.5	1366.28
903	1266.43
903.5	1282.68
904	3617.75
904.5	1277.89
905	5781.62
905.5	1238.46
906	1383.1
906.5	1287.29
907	1511.58
907.5	1252.23
908	1177.83
908.5	1196.8
909	1072.39
909.5	2382.38
910	1205.38
910.5	3388.27
911	1058.58
911.5	1247.78
912	1055.51
912.5	1216.93
913	1141.6
913.5	1146.14
914	1135.7
914.5	1195.33
915	1264.81
915.5	2113.86
916	1387.64
916.5	2351.44
917	1181.75
917.5	1086.74
918	1121.34
918.5	1146.91
919	1219.24
919.5	1199.84
920	1143.88
920.5	1265.93
921	1229.29
921.5	1228.56
922	1917
922.5	1903.45
923	1691.19
923.5	1196.28
924	1177.36
924.5	1188.95
925	1194.09
925.5	1194.69
926	1232.99
926.5	1179.44
927	1233.47
927.5	1197.83
928	1090.83
928.5	1136.32
929	1088.72
929.5	1106.6
930	1033.85
930.5	926.796
931	10121.6
931.5	15090
932	1057.66
932.5	11063.9
933	824.908
933.5	783.622
934	3058.85
934.5	564.462
935	889.324
935.5	695.281
936	639.553
936.5	980.933
937	673.26
937.5	2862.4
938	25988.2
938.5	1631.08
939	876.618
939.5	1098.63
940	1444.1
940.5	4753.62
941	1026.93
941.5	900.236
942	6875.72
942.5	2130.81
943	608.068
943.5	1006.15
944	16360.9
944.5	589.458
945	1433.22
945.5	913.665
946	8196.6
946.5	792.605
947	845.796
947.5	1017.5
948	14259
948.5	687.904
949	1063.15
949.5	842.037
950	848.471
950.5	6897.84
951	1134.6
951.5	1083.45
952	5866.67
952.5	842.781
953	845.585
953.5	1129.27
954	983.205
954.5	846.254
955	1039.65
955.5	4962.7
956	924.304
956.5	1018.55
957	9555.19
957.5	1098.76
958	1122.77
958.5	943.956
959	937.396
959.5	854.294
960	1030.28
960.5	1134.52
961	2748.61
961.5	1135.53
962	1063
962.5	3148.94
963	1045.73
963.5	1251.7
964	958.506
964.5	1139.84
965	984.332
965.5	1286.79
966	1826.88
966.5	1225.56
967	4290.72
967.5	2356.25
968	1288.4
968.5	9116.08
969	1262.76
969.5	4367.59
970	15035.6
970.5	1192.67
971	1253.69
971.5	7080.97
972	9798.02
972.5	10108.5
973	1269.89
973.5	1351.48
974	7497.57
974.5	1179.41
975	1668.07
975.5	1223.99
976	1155.69
976.5	1173.18
977	1251.92
977.5	1269.19
978	1233.03
978.5	1217.58
979	5937.64
979.5	31028
980	17564.5
980.5	1214.46
981	1966.63
981.5	6556.47
982	1398.12
982.5	1488.86
983	2674.19
983.5	1292.43
984	1321.02
984.5	1341.92
985	12274.2
985.5	1322.28
986	1328.13
986.5	1334.09
987	1335.52
987.5	37522.8
988	1332.31
988.5	1337.49
989	1351.92
989.5	14392.6
990	1504.11
990.5	1342.5
991	1336.7
991.5	20053.7
992	19985.2
992.5	1343.61
993	1332.2
993.5	1347.32
994	1349.36
994.5	13985.2
995	32686.1
995.5	1557.18
996	20587.3
996.5	26030.1
997	1352.04
997.5	6229.68
998	1562.71
998.5	1357.96
999	1356.9
999.5	1354.9
1000	1355.53
