X Y Seeing_Weight
-15.0 -15.0 0.26772482123687064
-12.0 -15.0 0.5061270206595325
-9.0 -15.0 0.7633859741648716
-6.0 -15.0 0.9920093975233033
-3.0 -15.0 1.1594021821749878
0.0 -15.0 1.2164151314029643
3.0 -15.0 1.1233856209377024
6.0 -15.0 0.9466340971115808
9.0 -15.0 0.7145922743704571
3.0 -12.0 1.6417780936526132
9.0 12.0 1.4088724168784668
12.0 12.0 1.0295776745645946
15.0 12.0 0.565650177674826
-15.0 15.0 0.3128826929697994
-12.0 15.0 0.5853056362694504
-9.0 15.0 0.8746670745147456
-6.0 15.0 1.1174332115458887
-3.0 15.0 1.3026145778630176
0.0 15.0 1.3674733415798475
3.0 15.0 1.2662270749284337
6.0 -12.0 1.5192824409833046
6.0 15.0 1.0764664291290966
9.0 15.0 0.8302991094565912
12.0 15.0 0.5354938461464351
15.0 15.0 0.2691363119133502
9.0 -12.0 1.307694787001909
12.0 -12.0 0.9378648775661287
15.0 -12.0 0.5028498533190374
-15.0 -9.0 0.8765119792098414
-12.0 -9.0 1.370723166580161
-9.0 -9.0 1.6732879932587736
-6.0 -9.0 1.76446579302933
-3.0 -9.0 1.7823631583436441
12.0 -15.0 0.4542525218577489
0.0 -9.0 1.7790831659411794
3.0 -9.0 1.7498383453860817
6.0 -9.0 1.7193914570086837
9.0 -9.0 1.6014210149455022
12.0 -9.0 1.2567275490084489
15.0 -9.0 0.7657090025853998
-15.0 -6.0 1.169156031349563
-12.0 -6.0 1.6499898609935553
-9.0 -6.0 1.861648633783663
-6.0 -6.0 1.8852571172395423
15.0 -15.0 0.22616937087631062
-3.0 -6.0 1.8720794676515624
0.0 -6.0 1.8548754321674914
3.0 -6.0 1.8264820819077237
6.0 -6.0 1.8177971352204747
9.0 -6.0 1.7775802724283758
12.0 -6.0 1.5333695858058844
15.0 -6.0 1.040528627819082
-15.0 -3.0 1.3408688987504633
-12.0 -3.0 1.7452788834660753
-9.0 -3.0 1.8540933377940307
-15.0 -12.0 0.5928426610216337
-6.0 -3.0 1.8521174432672194
-3.0 -3.0 1.8652440182006393
0.0 -3.0 1.855542060516351
3.0 -3.0 1.8068807840813126
6.0 -3.0 1.7709365210360164
9.0 -3.0 1.7733963310187404
12.0 -3.0 1.6450258802459108
15.0 -3.0 1.2129399605700253
-15.0 0.0 1.4782528361749976
-12.0 0.0 1.871088788115678
-12.0 -12.0 1.0321968309276843
-9.0 0.0 1.9595279537875847
-6.0 0.0 1.9557406422019246
-3.0 0.0 1.9854325121685354
0.0 0.0 1.9776885076465527
3.0 0.0 1.9180292243807562
6.0 0.0 1.8636989129070547
9.0 0.0 1.8736036186890543
12.0 0.0 1.7733999458554905
15.0 0.0 1.3502395181421012
-15.0 3.0 1.3477467185065968
-9.0 -12.0 1.3684837524480933
-12.0 3.0 1.7737733094228956
-9.0 3.0 1.9021905498289158
-6.0 3.0 1.9147637686681958
-3.0 3.0 1.9411419386247015
0.0 3.0 1.9370276691560329
3.0 3.0 1.881967643522298
6.0 3.0 1.8324579867267046
9.0 3.0 1.819868841947533
12.0 3.0 1.6727257278828414
15.0 3.0 1.2219497082482882
-6.0 -12.0 1.5644197714181427
-15.0 6.0 1.1915628533228617
-12.0 6.0 1.6904394910134417
-9.0 6.0 1.9181710688993387
-6.0 6.0 1.9587824769328224
-3.0 6.0 1.9638531715677723
0.0 6.0 1.9544646373701333
3.0 6.0 1.917596086796106
6.0 6.0 1.8924583366614325
9.0 6.0 1.8383914493751052
12.0 6.0 1.5807448909189086
-3.0 -12.0 1.6768483940686343
15.0 6.0 1.0705735491569925
-15.0 9.0 0.9280413340295852
-12.0 9.0 1.4342136641369378
-9.0 9.0 1.7406703261817449
-6.0 9.0 1.842566947148966
-3.0 9.0 1.8756599567376786
0.0 9.0 1.8786864875900717
3.0 9.0 1.8408103413089305
6.0 9.0 1.7983471214009619
9.0 9.0 1.677837169636891
0.0 -12.0 1.7063694553636126
12.0 9.0 1.333302144624208
15.0 9.0 0.8247826489624971
-15.0 12.0 0.6531279351684894
-12.0 12.0 1.1133038724774278
-9.0 12.0 1.4601780260635024
-6.0 12.0 1.6679852656854304
-3.0 12.0 1.7939222687753744
0.0 12.0 1.829247045615093
3.0 12.0 1.756842191946681
6.0 12.0 1.62511575777062
